114011146737
542326826975
839082138661
031599364104
924162269019
741716245507
413649542893
125714912025
267917419845
789048648401
676579945903
824263741809
249321221321
169347648228
113999882294
000788135659
373781031703
377164892393
000650082604
089347951346
487537561177
639677658711
759873689084
171640871929
663912538458
397754912609
498045885938
131060613696
615904412392
010145662084
914743560746
546531738755
752765760437
397962933762
338193690360
107107316328
972771126865
393552018648
690460832004
492917395754
481468601623
482074716305
769139052148
168717053831
196980435913
653368321285
010949013706
838442928501
597334526302
517062139237
701953994288
517440614296
603549839037
155753243002
788457399311
418209287198
614210739161
157498575853
324329609832
774883672982
492302468857
098730382720
769021940912
774415853443
460981443205
914504297646
899207346604
568714934137
096368997874
560854211950
878907966848
453621137193
914381323813
421864648940
846046491268
475562520129
254342112737
635145889593
707426574283
918788071928
696033285998
839180584656
383697400573
294515749041
970336502737
620371979007
498701232028
926759225323
035861158593
557154606630
394002679025
730123455724
842539341818
714491885684
428810602108
766050474588
525308000692
584746937142
742808447924
739930959903
162630447391
067791926797
289546000997
204658866104
940197849307
646005039056
957810406898
885495059424
654729125873
017927374380
797302523919
714301380070
385362250346
662636736819
187479094820
824012669783
958972400824
249646981355
646672590481
385022130157
611402852789
154779763633
724055811970
006452692136
360793731017
016630148148
619914249206
009456517021
884093748659
766437462480
746216837395
081726181820
547012060971
981459450204
387257301003
414725972592
344830349479
706913192232
359137820806
996280190288
983818148244
723375892865
916756795689
185313466543
236221028290
091605199667
440767131270
584004202575
264345526994
137069746863
985364398479
035229076776
217966021058
283321566432
830475320016
422959878183
774562243953
368909404635
869569430607
304096777958
460222582150
503982025168
264474544684
696238399042
737015509849
903254342125
218623621138
293160915722
793556676666
360711006927
440096237464
152563545143
768573324271
226179513602
804824838652
213023515454
553691778948
303881693966
523920944861
710656116836
132595882450
752931974887
441170536579
263851877409
707682330441
545682510804
504034164561
809818755172
673637242018
544512340306
821113374364
306434117374
646636926455
226832422060
802179989455
403192864969
047995766206
635733896514
401226150989
261399762109
164763447022
495764940580
798049259091
717107458543
033753585929
154428943078
034762308394
606233498102
108233621081
272488134786
652056925694
407471352227
707909938049
290923392598
246410355779
904141140317
122266771627
334132911738
081683047333
161633497862
513224179837
705229522662
269802206880
991436278546
291098851924
000615899437
712173243978
193976386334
017445841038
113867717294
569421799280
794803226274
732141783849
666057280576
101097052455
586027396425
901068671395
826082561953
755071964088
091988129289
352336733255
124561319007
550874221440
773484978349
569308267960
968493866284
283643554242
260840247066
772870469848
760653351200
772955785341
219359099074
736045887460
485831587769
837848173577
118909338675
509473965907
547348172722
202264668643
052559323704
546930141419
548393200165
257829641171
242017292127
718022071089
033510871291
254474019954
511139300366
635619124160
700580365379
413658670309
744892743810
893293981072
932840251246
071114615308
055061731896
976161527116
213175975117
558029857289
130209443063
197477489258
930308709286
481596486250
035344718321
089462601919
444559369245
852543983146
081831453362
965195620294
263588867566
820537326516
132460689165
434643724113
242203782512
404113282821
347375812919
586502412919
307993202375
421322472257
732359780781
520999189736
549767796774
942907651800
464058704119
791626805986
905067743043
029267915515
935255247545
973117507286
414088566651
866617756024
748773562583
441150139847
625133778004
287099337494
698628069248
221631218530
397712904392
214066958042
505824273111
460002033521
646732844602
941904685696
858915034207
288247119713
086419342489
990953492578
742978631334
732731993842
986305122891
549285128558
709656286013
559983510434
263760650740
718104190770
838067084729
291815084200
115343568641
294421003253
782645593487
212303640143
800353209552
830084484247
072752732245
966702112404
213886072229
811404140694
033164322144
665819992690
627828924199
670623294767
699541638780
103736055358
263209847132
718771806983
874184666099
761932425331
161226572898
758495926769
850673319459
728254143011
954761132460
359267606264
058696244609
671198102021
625446645189
830106216394
388794811629
269574027912
270572147061
845874329795
762384522367
444196054545
245012993461
536578541555
692112924216
030754086595
822377484195
995466249021
304895565093
966978616141
172137239466
681445379647
725157127225
370128118330
120175579611
873345158452
548757943262
388138874061
400906429294
190332946470
924560550786
072800007663
910540036717
606185857837
167594797831
851888317178
808466872821
886735751834
943520024520
312872021656
206330097423
742105704924
745678187038
697737611074
646497493071
720912305325
563656873120
587577274432
345696983738
149793554707
631409764337
454149774072
696380300326
497172672053
495175133392
011012975380
865326508121
302501131853
590701421796
625275179225
178787372768
563412265609
232043665146
327477062739
358729335329
031478740523
693548557276
570143883117
815365561185
207976202743
872760431045
133560673801
875907893180
008021881722
369633507065
669444571156
989494697924
967512895778
090872312227
860106225435
673758634383
995416914631
829112895385
664691352662
157913166556
913631405921
998764818962
306670207539
856650686617
402308525830
632573589349
408786500114
989133811038
641902109419
011831640805
484625507769
605821818831
865589358895
312434961843
793828630785
885186084754
094212378757
479065785009
893919191308
078586136170
651792320946
897899005591
441574740858
535189347427
008393752546
902301359320
165281340817
840261090945
085581287278
530706139727
946475551735
281693704760
753594043145
614556005470
672769702990
533269295807
646207378751
235793124054
026096593038
156058477734
446232394989
443449289555
850807759105
467826761760
516525863978
103627449932
210485670805
814645248070
081361344165
126188044769
102648148005
055740055149
833730647416
839527028414
036006543860
208627442819
984984037090
737005377727
879753587636
288301408781
795245324943
151603819118
452773841358
659676564968
931360380159
388780470049
671144598998
606004955831
572344396495
494612838158
293835343604
330246388453
211576649750
095294844394
553831244349
024118444081
751156436588
202862655246
432551243169
348181496440
939059163976
689459464517
578972523612
735108247668
108977702260
551456492822
855214803958
012028605318
672238149773
218442383806
331998409312
816019071079
966716170217
633296750293
021916499183
233687436741
914814934319
084458942453
730377779238
136016373650
834396742815
060467013288
643643518228
467458519847
352783961214
039374158127
500798923903
142576589094
017383024694
345651058478
760513016127
671968375903
504127735060
464667837994
693067756820
445893489246
203644750495
198759260744
304833795894
800986966152
143518370877
777729110888
548908306364
827956262300
803339106208
728380604854
821372138391
463594269220
632778175083
464052876022
257281185828
723322744073
378863855641
298757835995
565802656914
978141564031
788297902756
709153976682
891889831753
639088162259
906730705854
428612539340
838821913022
776321149030
592287614083
865559644706
485899439466
660029442061
840317811075
364502429378
390130990759
784983995257
157237528108
238923935217
195436938133
875116570270
312423773149
774049243449
911175860973
644021611519
748688192153
801637530517
293339811770
850348603499
072330988287
058032015097
555538826164
219202871926
799311154263
807159915033
829982659798
627508161447
424848702175
192685754113
658032816385
829314401506
609176292075
855699513013
486829433658
076794939166
178363690269
399587539870
514939496940
632699629713
912088867070
019471734571
448069288011
455500988831
700843116351
653537693276
328736267609
248626324691
831373822344
587137935297
216457685351
042997130939
856089827280
976518811647
974912278097
348187521595
272172388393
471061626093
830630961332
355929881012
948854332976
134943957953
515174188946
769349693159
504483152625
460835612401
873894360833
941955303264
854830244815
154182240159
974218640408
392890640663
047190023365
166039400562
166220710335
887140714646
706345776749
118131917145
133851399908
699420075770
029983703569
795087693742
998243578193
780912541129
468913388976
209612758061
612610109700
800692789631
363041524243
848641450485
803996237197
469266776948
984301671908
448835061624
890792166155
259095303388
052146432229
514353997171
811630323224
437222501544
014191555962
150764611115
162956787360
073627651914
300506763271
786985246682
201034963820
063597910569
646294265311
082862023471
364342939480
711014700599
307083358945
734926580557
584791045787
100576722534
467356724240
525593854087
412922445323
487986491861
980006078519
847636774188
232999576444
225056626811
337653690497
057449578952
175340519924
865877189413
337032234781
726396406333
744783481999
872995326304
743124063774
416102865930
225037629485
201850820723
736511536492
128162894170
396720196897
783253223801
833650424517
667313932668
251873865676
936104763053
472790413762
514259082471
479131789762
546633323237
757833061020
860376299198
058194324044
935036425424
727425876907
634450765602
838136787479
704704895976
029555650846
902653947056
872382378583
704771187832
797241780043
423212255576
721938635427
256724912245
758603595332
003641753114
883391585689
455628020092
226791423776
002261714009
931247504457
181026800090
888454373665
747445303341
766641628204
597795777334
335759706054
298218275270
979515720949
321708724670
948944857782
045741667394
785453248002
165522034039
378665549123
612323097615
824328770731
013763526109
859268365508
505231492828
200021513490
766043530398
175502092525
705230386606
566860758540
500962227732
263486724231
276941470341
477459817557
657242248760
916247145238
856690820054
633854558671
070444147231
236994030559
189560250736
454228308832
440089676626
843736718082
001979067990
124269428974
206077466578
467568293818
459119612915
268129881313
763271100315
520586608300
481465553331
867853672235
990861290082
051887058991
756940041343
744731606147
536170883488
932548569158
756889148223
568338840051
839194490400
666004836065
214722368368
145458518719
058920854235
170257376764
388211174592
549427450771
272318893966
659343786502
026163320599
252019448186
461780884005
559922778180
188001244705
017343080723
764231497361
521991022312
971661149530
661324761335
825472045214
408146260435
065802402831
458026328642
985087902201
302531234416
870329489508
034461640466
073608623574
440562264753
827466335102
593308060208
567970024997
016644865892
081382162680
749823032802
048450855041
918834741799
752288139169
880600931808
508492133187
621411545279
198604622113
076181916670
602534105723
337298669155
015785549056
404741581423
265183919703
840729612980
243223836395
940635186849
347020833159
075824640367
999642370819
273681071266
487807338379
913979822654
144416055980
329891210953
274891089307
809462984000
673027246998
425199268203
261477756042
504685124544
235176441694
458201235895
664087548659
673766446857
472275860097
853581343557
564285927047
898751490523
636902234429
641053143102
709886256253
013584370202
534933059267
760429715848
481936568798
990514684850
098152458567
906808962477
282762529422
593548614489
054530742677
137031021043
681187000861
929119357655
431430266344
302334634318
022380142401
659529549700
742741942650
156208522212
565090734960
847805827024
512021682772
638479849849
872198365954
444290954039
310883900867
704753262078
930346702008
839241783192
344619852885
150065321961
967452382981
088209019068
775526952847
002900414512
873447095652
418198380535
879420373002
273523402010
822481166831
348541300951
482095960937
050582625845
433811202669
351212296373
115432079236
792710135734
483276573691
284700455769
178001057848
241996633177
590262234494
750424011551
221342787121
370547893511
781183203714
863865164383
479190787901
689979584378
161537467678
485972570166
660908657439
481373699413
644672818316
672635521022
023116560089
641078299834
828464716699
450989839121
116198263572
496100162040
635230292185
722678326469
492067310990
368068335861
941438142159
894541734841
434454115300
990314781525
971412993185
105595509397
912526382153
086843643591
009412422063
800026679365
931043547798
309559111819
877411902303
132489659226
720158085056
658890225152
695799672296
682312620141
278315304126
145385869827
246910094423
814498347044
823673761140
985972417186
141933944045
419271569571
589926795782
118465149385
924023472479
825943902664
570670849622
